Plane
0 1 0 20
95 1000293
0 255 255

Circle
0 -15 -90
5
100 6000293
0 0 255

Circle
-30 -15 -100
5
100 1000293
255 255 0

Circle
-35 -15 -110
5
100 1000293
0 255 255

Circle
35 -15 -103
5
100 1000293
255 255 255

Circle
-20 -15 -80
5
100 1000293
0 255 150

Circle
-15 -15 -95
5
100 1000293
150 255 0

Circle
-13 -15 -96
5
100 1000293
0 150 255

Circle
15 -15 -94
5
100 1000293
255 150 0

Circle
25 -15 -84
5
100 1000293
0 0 0

Circle
-37 -15 -100
5
100 1000293
150 150 150

Circle
-23 -15 -106
5
100 1000293
100 255 200

Circle
-5 -15 -103
5
100 1000293
220 255 140

Circle
7 -15 -82
5
100 1000293
220 150 0

Circle
30 -15 -120
5
100 1000293
75 200 180

Circle
0 -15 -113
5
100 1000293
50 230 180

Circle
-30 -15 -100
5
100 1000293
0 255 0

Camera
0 0 0
640 400 15
0
255 255 255

Light 2
50 50 0
-10 0 10
